669 4 215
0.6 0.4 0.6 
1 0 1 37 1 5 C 2
2 4 1 48 99 5 A 3
3 1 1 89 90 1 D 2
4 0 1 81 4 1 A 4
5 2 1 35 82 3 D 1
6 1 1 15 95 1 A 1
7 3 1 71 89 2 B 4
8 4 1 43 93 2 C 3
9 0 2 65 5 5 C 4
10 1 2 78 83 2 C 1
11 3 2 22 76 2 A 4
12 4 2 80 87 4 C 3
13 2 2 67 100 2 B 1
14 0 2 20 1 1 A 2
15 1 2 82 91 1 B 4
16 2 3 15 78 2 C 1
17 3 3 73 88 1 A 5
18 4 3 58 97 2 A 2
19 0 3 13 5 1 C 5
20 2 3 60 100 4 D 3
21 1 3 71 84 2 A 4
22 0 4 45 5 4 B 5
23 4 4 10 85 1 C 4
24 1 4 65 79 1 D 4
25 2 4 43 88 3 B 3
26 4 4 67 82 3 D 1
27 2 4 79 96 3 A 1
28 0 5 70 4 1 D 2
29 1 5 23 72 3 D 4
30 4 5 34 86 3 A 4
31 1 5 58 79 1 B 2
32 2 5 72 98 3 C 4
33 3 5 57 76 5 C 5
34 2 5 36 89 5 D 1
35 1 6 48 73 3 B 1
36 0 6 21 4 5 B 4
37 2 6 23 85 4 A 5
38 2 6 68 77 3 B 2
39 3 6 88 94 5 A 2
40 4 6 66 74 2 C 1
41 1 6 10 98 2 D 3
42 4 6 44 71 4 D 5
43 4 7 14 82 2 D 1
44 2 7 13 78 5 D 5
45 4 7 59 74 4 A 3
46 3 7 81 95 5 C 4
47 1 7 35 99 2 B 1
48 1 7 79 92 3 D 3
49 2 7 48 86 4 C 3
50 4 8 46 70 1 B 1
51 3 8 65 82 1 A 4
52 2 8 44 97 4 C 5
53 1 8 66 87 3 A 1
54 3 8 68 91 5 D 2
55 0 8 72 5 3 B 5
56 4 9 35 94 2 A 1
57 3 9 58 84 1 C 2
58 1 9 59 88 3 C 3
59 0 9 24 1 4 D 5
60 2 9 80 73 5 A 3
61 3 9 13 92 4 B 5
62 2 10 37 98 1 A 2
63 2 10 73 75 5 C 5
64 1 10 43 75 4 A 3
65 4 10 71 71 3 D 4
66 0 10 49 1 4 B 3
67 3 10 89 71 2 B 2
68 3 10 45 80 5 D 5
69 0 11 36 1 3 C 1
70 2 11 21 86 5 C 2
71 3 11 38 80 5 B 2
72 4 11 22 89 2 B 4
73 3 11 34 73 2 D 4
74 0 11 80 1 5 D 3
75 2 11 56 93 3 A 5
76 3 12 21 99 1 D 4
77 0 12 32 2 4 B 4
78 4 12 15 90 3 D 1
79 0 12 67 1 4 A 3
80 1 12 14 87 2 A 5
81 3 12 66 91 3 B 1
82 4 12 12 83 3 B 3
83 4 13 79 78 2 B 3
84 0 13 57 5 1 D 2
85 2 13 81 82 4 B 4
86 1 13 45 75 1 C 1
87 3 13 59 93 2 D 3
88 0 14 12 5 4 C 5
89 4 14 72 79 4 D 5
90 0 14 88 1 5 C 2
91 2 14 32 70 5 D 4
92 1 14 70 75 5 A 4
93 3 14 14 100 1 B 4
94 3 14 36 72 4 B 2
95 0 15 44 5 5 A 5
96 3 15 10 80 1 B 3
97 1 15 57 71 5 B 2
98 4 15 24 98 3 C 5
99 1 15 22 94 1 C 4
100 3 15 46 87 2 A 1
-1
