726 4 217
0.6 0.3 0.2 
1 1 1 15 95 1 A 1
2 3 1 71 22 2 B 4
3 0 1 43 2 5 D 2
4 0 1 78 3 1 C 3
5 4 1 48 99 5 A 3
6 1 1 50 72 2 D 4
7 3 1 54 22 5 B 5
8 2 1 76 94 4 D 1
9 3 2 41 26 5 B 5
10 1 2 75 73 2 B 2
11 0 2 26 3 1 C 2
12 1 2 40 96 3 C 4
13 3 2 86 28 1 D 2
14 2 2 28 82 3 B 3
15 0 2 62 4 5 A 5
16 4 3 19 80 1 D 4
17 1 3 71 84 2 A 4
18 2 3 15 78 2 C 1
19 3 3 73 21 1 A 5
20 2 3 53 83 5 D 1
21 3 4 62 27 2 D 5
22 0 4 86 3 5 A 2
23 2 4 40 79 2 A 4
24 2 4 85 71 4 B 1
25 4 4 51 99 2 C 4
26 1 4 27 91 2 D 2
27 2 5 72 98 3 C 4
28 2 5 77 72 1 D 3
29 4 5 76 99 2 A 2
30 1 5 20 93 2 B 4
31 3 5 18 24 1 C 3
32 1 5 64 85 4 C 1
33 0 5 70 4 1 D 2
34 2 6 64 98 3 A 1
35 1 6 48 73 3 B 1
36 2 6 29 91 4 B 3
37 4 6 63 95 1 B 4
38 4 6 27 87 3 C 1
39 1 6 51 80 3 D 4
40 3 6 49 21 4 A 2
41 0 7 41 4 5 D 3
42 3 7 87 26 3 D 2
43 3 7 42 24 1 C 5
44 4 7 14 82 2 D 1
45 4 7 20 88 3 A 4
46 1 7 76 82 3 B 1
47 2 7 54 92 4 D 5
48 2 7 48 86 4 C 3
49 1 8 28 100 4 D 3
50 3 8 26 20 5 A 2
51 2 8 86 80 5 B 2
52 4 8 84 76 3 C 1
53 0 8 72 5 3 B 5
54 2 9 41 87 4 A 5
55 3 9 19 23 2 C 4
56 0 9 21 5 4 B 1
57 0 9 17 5 5 D 3
58 2 9 63 90 1 D 1
59 4 9 39 84 2 B 4
60 4 10 77 77 3 A 3
61 3 10 50 30 1 A 4
62 0 10 49 1 4 B 3
63 2 10 73 75 5 C 5
64 0 10 84 5 5 A 1
65 1 10 78 81 5 D 5
66 4 10 71 71 3 D 4
67 4 11 28 95 4 C 3
68 2 11 18 76 4 A 3
69 1 11 62 100 1 C 5
70 3 11 75 22 3 C 2
71 0 11 77 3 4 C 3
72 3 11 38 24 5 B 2
73 4 11 64 72 3 B 1
74 0 11 42 4 1 D 5
75 0 12 29 4 3 A 3
76 3 12 53 23 4 A 1
77 1 12 14 87 2 A 5
78 0 12 73 5 5 B 5
79 2 12 49 94 5 C 3
80 3 12 27 29 2 A 2
81 4 12 15 90 3 D 1
82 1 13 42 96 5 A 5
83 2 13 20 75 3 C 4
84 3 13 85 29 5 C 1
85 4 13 40 92 3 B 4
86 0 13 18 3 2 D 2
87 1 13 87 88 2 C 2
88 4 14 72 79 4 D 5
89 1 14 70 75 5 A 4
90 3 14 14 23 1 B 4
91 0 14 54 4 5 C 1
92 3 14 78 22 5 A 3
93 1 14 26 83 1 D 5
94 1 15 63 76 2 C 1
95 3 15 61 28 1 D 5
96 0 15 85 5 4 A 5
97 2 15 84 94 2 B 1
98 0 15 50 4 1 B 4
99 1 15 19 85 1 B 2
100 4 15 65 81 4 B 1
-1
