684 5 212
0.4 0.7 0.1 
1 2 1 46 80 3 A 5
2 3 1 34 23 3 D 4
3 4 1 70 93 3 B 2
4 4 1 12 66 1 B 3
5 1 1 32 73 1 D 3
6 1 1 68 69 2 C 1
7 2 1 48 62 5 D 1
8 4 1 81 85 1 D 3
9 2 2 33 98 2 B 3
10 3 2 66 30 4 B 4
11 0 2 79 3 1 C 1
12 2 2 77 92 4 C 5
13 1 2 20 82 5 A 1
14 4 2 21 64 2 A 2
15 3 2 25 22 3 B 5
16 4 3 69 69 2 B 1
17 0 3 57 5 2 A 5
18 1 3 12 81 5 C 3
19 1 3 24 74 5 A 4
20 4 3 70 92 4 A 2
21 3 3 11 23 4 D 2
22 0 3 46 3 4 C 5
23 0 4 18 5 5 C 4
24 2 4 54 63 4 D 2
25 1 4 76 94 1 A 3
26 3 4 78 27 3 A 4
27 2 4 82 84 4 C 3
28 4 4 26 88 2 D 5
29 3 4 42 30 4 B 1
30 2 5 57 60 3 B 5
31 0 5 71 2 5 C 2
32 4 5 56 87 1 C 3
33 3 5 35 22 4 D 4
34 1 5 69 93 1 C 5
35 0 5 34 4 3 A 2
36 0 6 43 3 1 D 1
37 1 6 21 65 2 B 5
38 3 6 54 26 4 A 2
39 4 6 47 63 4 A 4
40 1 6 49 77 1 A 1
41 3 6 19 29 5 B 1
42 0 6 65 5 3 C 4
43 0 7 10 5 3 A 2
44 4 7 32 90 2 C 1
45 2 7 34 72 4 B 2
46 2 7 78 75 3 D 1
47 0 7 47 3 1 C 4
48 0 7 45 4 2 D 3
49 3 7 12 21 5 D 1
50 4 8 19 66 4 D 1
51 1 8 25 89 2 A 3
52 3 8 23 26 5 B 2
53 0 8 77 5 3 B 5
54 0 8 42 1 4 C 2
55 2 8 65 84 3 A 4
56 3 8 43 28 1 C 3
57 3 9 79 26 4 A 1
58 4 9 57 60 3 C 5
59 0 9 35 4 4 A 4
60 2 9 10 84 4 B 2
61 1 9 55 87 4 D 4
62 2 10 42 96 3 A 2
63 0 10 24 2 4 C 4
64 1 10 82 60 3 A 3
65 3 10 48 26 1 B 1
66 4 10 44 78 5 D 3
67 3 10 68 20 1 A 1
68 2 10 70 76 2 D 2
69 3 11 20 27 2 C 1
70 0 11 22 1 3 B 2
71 1 11 79 90 5 D 1
72 3 11 55 25 5 A 4
73 4 11 33 72 1 C 2
74 1 11 35 96 5 C 4
75 0 12 48 1 5 C 1
76 2 12 13 65 1 A 3
77 4 12 20 81 1 D 5
78 1 12 26 72 3 A 5
79 1 12 18 67 4 A 4
80 2 12 46 79 3 D 4
81 0 12 11 3 5 A 1
82 3 12 24 25 2 B 3
83 3 13 32 24 1 B 1
84 4 13 10 84 2 D 5
85 0 13 78 5 4 B 4
86 1 13 11 66 1 C 1
87 1 13 56 61 5 D 3
88 2 13 76 78 2 C 3
89 4 14 13 81 3 B 3
90 4 14 68 95 5 B 4
91 3 14 49 24 2 B 1
92 4 14 25 73 1 C 3
93 2 14 71 91 4 D 2
94 2 14 69 68 2 A 5
95 1 15 43 79 5 A 3
96 4 15 41 97 3 B 2
97 2 15 56 86 2 B 5
98 0 15 55 4 5 B 4
99 2 15 21 81 3 C 2
100 4 15 77 93 1 D 5
-1
