764 4 261
1.0 0.8 0.4 
1 2 1 46 49 1 A 5
2 4 1 12 80 1 B 4
3 3 1 34 8 3 D 5
4 1 1 68 76 1 C 6
5 4 1 70 54 6 B 6
6 2 1 48 86 1 D 5
7 1 1 32 70 3 D 5
8 4 2 21 59 4 A 2
9 0 2 79 5 3 C 1
10 3 2 66 14 5 B 1
11 1 2 20 82 4 A 2
12 2 2 33 69 2 B 2
13 2 2 77 54 3 C 1
14 1 2 64 76 5 C 1
15 2 3 64 74 6 D 3
16 1 3 12 70 2 C 1
17 1 3 24 80 6 A 1
18 4 3 70 43 1 A 6
19 3 3 11 14 3 D 1
20 0 3 46 2 6 C 2
21 4 3 69 66 1 B 6
22 0 3 57 1 3 A 6
23 0 4 41 1 5 C 2
24 2 4 54 48 2 D 2
25 3 4 42 20 4 B 2
26 0 4 18 5 4 C 4
27 1 4 76 76 4 A 3
28 3 4 78 14 4 A 3
29 4 5 56 86 2 C 2
30 3 5 35 8 2 D 2
31 1 5 69 64 2 C 2
32 0 5 34 1 3 A 1
33 2 5 57 55 2 B 3
34 0 5 71 2 6 C 3
35 1 6 49 66 6 A 2
36 3 6 19 14 4 B 2
37 0 6 65 1 4 C 1
38 2 6 41 60 6 D 5
39 0 6 43 4 4 D 5
40 1 6 21 70 4 B 4
41 3 6 54 8 4 A 5
42 4 6 47 97 6 A 1
43 2 7 34 49 2 B 4
44 2 7 78 42 4 D 1
45 0 7 47 6 6 C 4
46 0 7 45 1 2 D 4
47 3 7 12 2 2 D 3
48 0 7 10 5 2 A 1
49 4 7 32 72 2 C 4
50 3 8 23 12 6 B 3
51 0 8 77 1 4 B 4
52 0 8 42 5 4 C 3
53 2 8 65 54 6 A 4
54 3 8 43 8 4 C 3
55 4 8 19 91 5 D 5
56 1 8 25 60 6 A 3
57 0 9 35 5 2 A 2
58 2 9 10 43 1 B 4
59 1 9 55 96 4 D 3
60 3 9 79 14 3 A 4
61 4 9 57 65 2 C 3
62 2 10 70 52 1 D 3
63 4 10 40 71 6 A 5
64 4 10 44 85 5 D 6
65 3 10 68 16 2 A 3
66 3 10 48 18 6 B 2
67 2 10 42 48 5 A 6
68 0 10 24 6 1 C 4
69 0 11 22 5 3 B 5
70 1 11 79 82 4 D 4
71 3 11 55 8 3 A 6
72 4 11 33 59 3 C 4
73 1 11 35 97 1 C 5
74 3 11 20 2 4 C 5
75 0 12 48 6 1 C 5
76 4 12 20 71 5 D 1
77 0 12 11 5 2 A 3
78 1 12 18 42 5 A 1
79 3 12 24 12 6 B 3
80 4 12 65 65 5 B 6
81 2 12 13 69 1 A 4
82 2 12 46 98 1 D 4
83 3 13 32 2 3 B 1
84 4 13 10 53 3 D 6
85 0 13 78 5 3 B 6
86 1 13 11 90 1 C 6
87 1 13 56 76 3 D 5
88 2 13 76 75 3 C 6
89 4 14 13 60 1 B 1
90 4 14 68 86 1 B 5
91 3 14 49 6 5 B 5
92 4 14 25 69 1 C 6
93 2 14 71 92 1 D 6
94 2 14 69 55 1 A 5
95 1 15 43 96 5 A 6
96 4 15 41 59 5 B 6
97 2 15 56 75 3 B 6
98 0 15 55 5 3 B 6
99 2 15 21 61 3 C 5
100 4 15 77 65 4 D 1
-1
