641 5 210
0.8 0.6 0.5 
1 1 1 32 73 1 D 3
2 2 1 88 98 5 D 5
3 2 1 46 80 3 A 5
4 4 1 12 66 1 B 3
5 3 1 34 23 3 D 4
6 1 1 68 69 2 C 1
7 4 1 70 93 3 B 2
8 2 1 48 62 5 D 1
9 4 2 21 64 2 A 2
10 0 2 79 3 1 C 1
11 3 2 66 30 4 B 4
12 1 2 20 82 5 A 1
13 2 2 33 98 2 B 3
14 2 2 77 92 4 C 5
15 1 2 64 86 2 C 3
16 3 3 11 23 4 D 2
17 1 3 12 81 5 C 3
18 4 3 70 92 4 A 2
19 0 3 46 3 4 C 5
20 0 3 57 5 2 A 5
21 2 3 64 69 1 D 2
22 4 3 69 69 2 B 1
23 0 4 41 1 3 C 5
24 2 4 54 63 4 D 2
25 3 4 42 30 4 B 1
26 0 4 18 5 5 C 4
27 1 4 76 94 1 A 3
28 3 4 78 27 3 A 4
29 4 5 56 87 1 C 3
30 3 5 35 22 4 D 4
31 1 5 69 93 1 C 5
32 0 5 34 4 3 A 2
33 2 5 57 60 3 B 5
34 0 5 71 2 5 C 2
35 3 6 54 26 4 A 2
36 3 6 19 29 5 B 1
37 0 6 43 3 1 D 1
38 4 6 87 99 5 A 5
39 0 6 65 5 3 C 4
40 2 6 41 72 2 D 5
41 4 6 47 63 4 A 4
42 1 6 21 65 2 B 5
43 0 7 10 5 3 A 2
44 4 7 32 90 2 C 1
45 2 7 34 72 4 B 2
46 2 7 78 75 3 D 1
47 0 7 47 3 1 C 4
48 0 7 45 4 2 D 3
49 3 7 12 21 5 D 1
50 3 8 23 26 5 B 2
51 0 8 77 5 3 B 5
52 4 8 64 61 1 A 3
53 3 8 43 28 1 C 3
54 0 8 42 1 4 C 2
55 2 8 65 84 3 A 4
56 4 8 19 66 4 D 1
57 4 9 57 60 3 C 5
58 0 9 35 4 4 A 4
59 2 9 10 84 4 B 2
60 1 9 55 87 4 D 4
61 3 9 79 26 4 A 1
62 3 10 48 26 1 B 1
63 2 10 42 96 3 A 2
64 0 10 24 2 4 C 4
65 2 10 70 76 2 D 2
66 4 10 40 73 2 A 5
67 4 10 44 78 5 D 3
68 3 10 68 20 1 A 1
69 1 11 35 96 5 C 4
70 3 11 20 27 2 C 1
71 0 11 22 1 3 B 2
72 1 11 79 90 5 D 1
73 3 11 55 25 5 A 4
74 4 11 33 72 1 C 2
75 2 12 13 65 1 A 3
76 4 12 65 85 2 B 2
77 0 12 11 3 5 A 1
78 4 12 20 81 1 D 5
79 1 12 63 62 1 B 1
80 3 12 87 21 1 D 3
81 2 12 46 79 3 D 4
82 1 12 18 67 4 A 4
83 0 13 78 5 4 B 4
84 1 13 11 66 1 C 1
85 1 13 56 61 5 D 3
86 2 13 76 78 2 C 3
87 3 13 32 24 1 B 1
88 4 13 10 84 2 D 5
89 1 14 88 74 1 B 5
90 3 14 63 20 2 D 3
91 4 14 13 81 3 B 3
92 4 14 68 95 5 B 4
93 2 14 71 91 4 D 2
94 2 14 69 68 2 A 5
95 1 15 43 79 5 A 3
96 4 15 41 97 3 B 2
97 2 15 56 86 2 B 5
98 0 15 55 4 5 B 4
99 2 15 21 81 3 C 2
100 4 15 77 93 1 D 5
-1
