726 4 214
0.9 0.8 0.6 
1 4 1 12 100 1 B 3
2 1 1 32 85 1 D 3
3 1 1 68 92 2 C 1
4 2 1 48 76 5 D 1
5 4 1 81 80 1 D 3
6 2 1 46 72 3 A 5
7 3 1 34 23 3 D 4
8 4 1 70 97 3 B 2
9 4 2 21 84 2 A 2
10 0 2 59 4 5 B 2
11 3 2 25 22 3 B 5
12 0 2 79 3 1 C 1
13 1 2 20 80 5 A 1
14 2 2 33 99 2 B 3
15 2 2 77 90 4 C 5
16 1 3 12 81 5 C 3
17 1 3 24 96 5 A 4
18 4 3 70 92 4 A 2
19 3 3 11 23 4 D 2
20 0 3 46 3 4 C 5
21 4 3 69 88 2 B 1
22 0 3 57 5 2 A 5
23 2 4 54 79 4 D 2
24 3 4 78 27 3 A 4
25 4 4 26 99 2 D 5
26 0 4 84 3 5 B 4
27 1 4 76 100 1 A 3
28 2 4 82 75 4 C 3
29 0 5 71 2 5 C 2
30 4 5 56 84 1 C 3
31 3 5 35 22 4 D 4
32 1 5 69 70 1 C 5
33 0 5 34 4 3 A 2
34 2 5 57 87 3 B 5
35 0 6 60 1 1 B 1
36 2 6 26 94 2 C 5
37 1 6 21 89 2 B 5
38 3 6 54 26 4 A 2
39 4 6 47 81 4 A 4
40 1 6 49 84 1 A 1
41 4 6 82 88 3 D 2
42 3 7 12 21 5 D 1
43 0 7 10 5 3 A 2
44 4 7 32 72 2 C 1
45 2 7 34 76 4 B 2
46 2 7 78 99 3 D 1
47 0 7 47 3 1 C 4
48 0 7 45 4 2 D 3
49 3 8 23 26 5 B 2
50 4 8 27 77 4 D 5
51 2 8 83 83 3 C 2
52 0 8 77 5 3 B 5
53 1 8 25 73 2 A 3
54 3 8 43 28 1 C 3
55 1 9 55 88 4 D 4
56 3 9 79 26 4 A 1
57 4 9 57 91 3 C 5
58 0 9 35 4 4 A 4
59 2 9 10 96 4 B 2
60 3 10 83 23 4 D 4
61 3 10 68 20 1 A 1
62 1 10 82 93 3 A 3
63 4 10 44 87 5 D 3
64 2 10 70 79 2 D 2
65 3 10 48 26 1 B 1
66 0 10 24 2 4 C 4
67 1 11 79 76 5 D 1
68 3 11 55 25 5 A 4
69 1 11 35 85 5 C 4
70 3 11 20 27 2 C 1
71 2 11 59 72 4 C 2
72 0 11 22 1 3 B 2
73 4 11 33 80 1 C 2
74 2 12 13 95 1 A 3
75 0 12 48 1 5 C 1
76 3 12 60 22 5 A 1
77 0 12 11 3 5 A 1
78 2 12 46 98 3 D 4
79 1 12 26 82 3 A 5
80 4 12 20 75 1 D 5
81 3 12 24 25 2 B 3
82 4 13 10 100 2 D 5
83 1 13 84 92 5 C 4
84 2 13 76 83 2 C 3
85 1 13 56 96 5 D 3
86 3 13 32 24 1 B 1
87 1 13 11 73 1 C 1
88 0 13 78 5 4 B 4
89 2 14 71 87 4 D 2
90 2 14 69 83 2 A 5
91 4 14 13 77 3 B 3
92 4 14 68 80 5 B 4
93 3 14 49 24 2 B 1
94 4 14 25 91 1 C 3
95 2 15 21 71 3 C 2
96 4 15 77 95 1 D 5
97 3 15 84 22 1 A 4
98 0 15 83 3 4 B 2
99 2 15 56 79 2 B 5
100 0 15 55 4 5 B 4
-1
